33
Imantodes_cenchoa_UTAR42360          0.0000000 0.0600648 0.0627606 0.1532662 0.1540966 0.2243702 0.2215053 0.1614676 0.1603197 0.0656259 0.0743811 0.0682668 0.0594118 0.1585340 0.2058463 0.2417564 0.2566560 0.0771946 0.0791499 0.0596871 0.1283693 0.0813059 0.1134342 0.1515023 0.1259274 0.1647415 0.1750498 0.1556701 0.0721738 0.0264721 0.0553091 0.0631686 0.0829578 
Imantodes_cenchoa_SIUCR03724         0.0600648 0.0000000 0.0378808 0.1530410 0.1566798 0.2482613 0.2442372 0.1718911 0.1672387 0.0368641 0.0318704 0.0344971 0.0333361 0.1513032 0.2323760 0.2623014 0.2815713 0.0450662 0.0471854 0.0206421 0.0510750 0.0399392 0.1394567 0.1804266 0.1426147 0.1751756 0.1901745 0.1860202 0.0605248 0.0721413 0.0305140 0.0255356 0.0516936 
Imantodes_cenchoa_MPEGLJV5763        0.0627606 0.0378808 0.0000000 0.1502432 0.1538489 0.2053801 0.2006915 0.1730175 0.1670275 0.0542513 0.0410099 0.0378686 0.0465370 0.1585186 0.1941293 0.2135810 0.3038205 0.0463980 0.0485692 0.0347101 0.0701174 0.0514981 0.1208614 0.1783315 0.1511637 0.1738198 0.1823474 0.2002853 0.0469164 0.0767910 0.0306445 0.0396550 0.0555911 
Imantodes_gemmistratus_UTAR51979     0.1532662 0.1530410 0.1502432 0.0000000 0.0014214 0.2620694 0.2588220 0.1842489 0.1793398 0.1577179 0.1822471 0.1652358 0.1856616 0.1840285 0.2741196 0.2656211 0.2891758 0.1762148 0.1773096 0.1694676 0.2612804 0.1710487 0.1675252 0.1571558 0.1989366 0.2059634 0.2015498 0.1545412 0.1465271 0.1671191 0.1495926 0.1684418 0.1797266 
Imantodes_gemmistratus_LSUMZ39541    0.1540966 0.1566798 0.1538489 0.0014214 0.0000000 0.2667058 0.2635446 0.1866913 0.1817546 0.1586218 0.1864924 0.1677014 0.1912716 0.1840285 0.2772332 0.2707202 0.2901851 0.1804347 0.1815923 0.1726331 0.2700575 0.1754162 0.1704452 0.1597268 0.2017579 0.2090213 0.2046147 0.1579145 0.1505283 0.1696585 0.1534957 0.1709670 0.1839016 
Imantodes_inornatus_MVZ204109        0.2243702 0.2482613 0.2053801 0.2620694 0.2667058 0.0000000 0.0043939 0.2884019 0.2828774 0.2782706 0.2577471 0.2613444 0.2532252 0.3050873 0.0715171 0.0023484 0.3100862 0.2805898 0.2813068 0.2644782 0.3860607 0.2847103 0.2663558 0.2578537 0.2693928 0.3002300 0.3140656 0.2759744 0.2194833 0.2479347 0.2361299 0.2575609 0.2673021 
Imantodes_inornatus_MVZ204110        0.2215053 0.2442372 0.2006915 0.2588220 0.2635446 0.0043939 0.0000000 0.2974450 0.2917323 0.2765002 0.2520784 0.2537610 0.2452929 0.2971359 0.0720804 0.0024030 0.2950429 0.2733761 0.2733406 0.2567677 0.3883716 0.2830701 0.2625837 0.2701428 0.2802915 0.3112896 0.3223491 0.2860693 0.2267063 0.2487065 0.2261288 0.2518282 0.2577899 
Imantodes_lentiferus_MPEGLJV6880     0.1614676 0.1718911 0.1730175 0.1842489 0.1866913 0.2884019 0.2974450 0.0000000 0.0104711 0.1972658 0.1896797 0.2011456 0.1880625 0.2109087 0.2983211 0.3121357 0.3009670 0.1936000 0.2008613 0.2166526 0.3035822 0.2102122 0.1290032 0.1176643 0.0362845 0.0083058 0.0108243 0.0424691 0.1292435 0.1602524 0.1839828 0.2073958 0.2193489 
Imantodes_lentiferus_MPEGLJV5581     0.1603197 0.1672387 0.1670275 0.1793398 0.1817546 0.2828774 0.2917323 0.0104711 0.0000000 0.1989781 0.1900503 0.2068925 0.1866294 0.2109294 0.3032734 0.3122878 0.3053224 0.1980670 0.2053419 0.2147312 0.2911881 0.2147050 0.1339362 0.1236000 0.0413705 0.0151982 0.0136345 0.0486129 0.1338176 0.1694592 0.1883529 0.2074719 0.2235302 
Imantodes_cenchoa_MVZ149878          0.0656259 0.0368641 0.0542513 0.1577179 0.1586218 0.2782706 0.2765002 0.1972658 0.1989781 0.0000000 0.0647131 0.0654266 0.0630424 0.1824001 0.2787507 0.2860633 0.3068009 0.0730718 0.0745052 0.0529047 0.0858998 0.0681070 0.1453586 0.1815334 0.1855646 0.2187514 0.2110815 0.1883746 0.0762960 0.0816773 0.0620405 0.0608105 0.0788776 
Imantodes_cenchoa_MHUA14290          0.0743811 0.0318704 0.0410099 0.1822471 0.1864924 0.2577471 0.2520784 0.1896797 0.1900503 0.0647131 0.0000000 0.0417549 0.0058332 0.1762018 0.2631964 0.2691786 0.3113233 0.0284909 0.0292688 0.0320555 0.0514986 0.0331845 0.1349333 0.1826675 0.1759764 0.2010215 0.1986156 0.2012004 0.0612364 0.1007143 0.0344605 0.0398450 0.0464025 
Imantodes_cenchoa_MHUA14500          0.0682668 0.0344971 0.0378686 0.1652358 0.1677014 0.2613444 0.2537610 0.2011456 0.2068925 0.0654266 0.0417549 0.0000000 0.0470153 0.1512532 0.2795653 0.2636582 0.3009805 0.0529495 0.0526169 0.0332648 0.0617313 0.0529002 0.1558099 0.1938523 0.1904012 0.2201514 0.2197670 0.2144914 0.0642411 0.0911485 0.0387729 0.0362240 0.0610515 
Imantodes_cenchoa_JMD1616            0.0594118 0.0333361 0.0465370 0.1856616 0.1912716 0.2532252 0.2452929 0.1880625 0.1866294 0.0630424 0.0058332 0.0470153 0.0000000 0.1498710 0.2354595 0.2485072 0.3012302 0.0245395 0.0249446 0.0342846 0.0555426 0.0337788 0.1280489 0.1714855 0.1694954 0.2035946 0.1909506 0.2027532 0.0722004 0.0847123 0.0334074 0.0409574 0.0449031 
Imantodes_gemmistratus_UTAR459222    0.1585340 0.1513032 0.1585186 0.1840285 0.1840285 0.3050873 0.2971359 0.2109087 0.2109294 0.1824001 0.1762018 0.1512532 0.1498710 0.0000000 0.2364150 0.2968596 0.3136351 0.1769132 0.1820138 0.1419710 0.2392800 0.1739862 0.1850596 0.2044271 0.1938655 0.2020541 0.2128086 0.2034923 0.1690921 0.1695717 0.1577237 0.1500099 0.1957945 
Imantodes_cenchoa_MHUA14540          0.2058463 0.2323760 0.1941293 0.2741196 0.2772332 0.0715171 0.0720804 0.2983211 0.3032734 0.2787507 0.2631964 0.2795653 0.2354595 0.2364150 0.0000000 0.0641727 0.3270752 0.2738795 0.2682624 0.2607577 0.3902506 0.2751741 0.2762614 0.2826190 0.2949146 0.3342129 0.3344942 0.2654748 0.2083016 0.2833386 0.2574527 0.2588859 0.3004080 
Imantodes_inornatus_ASL307           0.2417564 0.2623014 0.2135810 0.2656211 0.2707202 0.0023484 0.0024030 0.3121357 0.3122878 0.2860633 0.2691786 0.2636582 0.2485072 0.2968596 0.0641727 0.0000000 0.2992483 0.2735526 0.2741810 0.2559186 0.3821882 0.2772579 0.2595761 0.2640107 0.2817154 0.3133655 0.3274427 0.2842213 0.2251679 0.2543132 0.2416734 0.2620109 0.2711944 
Leptodeira_septentrionalis_QCAZ10550 0.2566560 0.2815713 0.3038205 0.2891758 0.2901851 0.3100862 0.2950429 0.3009670 0.3053224 0.3068009 0.3113233 0.3009805 0.3012302 0.3136351 0.3270752 0.2992483 0.0000000 0.3233459 0.3095815 0.3094291 0.3947728 0.3145693 0.2984290 0.2843596 0.2921167 0.3255746 0.3184576 0.2715814 0.2534225 0.2989675 0.3009693 0.3084237 0.3215636 
Imantodes_cenchoa_QCAZ11115          0.0771946 0.0450662 0.0463980 0.1762148 0.1804347 0.2805898 0.2733761 0.1936000 0.1980670 0.0730718 0.0284909 0.0529495 0.0245395 0.1769132 0.2738795 0.2735526 0.3233459 0.0000000 0.0031227 0.0404064 0.0691441 0.0173531 0.1312957 0.1991819 0.1963772 0.2059846 0.2044673 0.1824044 0.0635193 0.0948196 0.0421730 0.0476365 0.0608861 
Imantodes_cenchoa_CORBIDI3794        0.0791499 0.0471854 0.0485692 0.1773096 0.1815923 0.2813068 0.2733406 0.2008613 0.2053419 0.0745052 0.0292688 0.0526169 0.0249446 0.1820138 0.2682624 0.2741810 0.3095815 0.0031227 0.0000000 0.0428005 0.0691933 0.0183332 0.1310028 0.1974346 0.1962190 0.2093300 0.2090395 0.1783031 0.0650397 0.0953361 0.0434527 0.0501855 0.0606341 
Imantodes_cenchoa_CORBIDI8823        0.0596871 0.0206421 0.0347101 0.1694676 0.1726331 0.2644782 0.2567677 0.2166526 0.2147312 0.0529047 0.0320555 0.0332648 0.0342846 0.1419710 0.2607577 0.2559186 0.3094291 0.0404064 0.0428005 0.0000000 0.0333035 0.0322212 0.1543013 0.1875654 0.1972675 0.2402784 0.2276775 0.2111915 0.0657332 0.0735438 0.0221937 0.0036002 0.0401285 
Imantodes_cenchoa_MZUSP15524         0.1283693 0.0510750 0.0701174 0.2612804 0.2700575 0.3860607 0.3883716 0.3035822 0.2911881 0.0858998 0.0514986 0.0617313 0.0555426 0.2392800 0.3902506 0.3821882 0.3947728 0.0691441 0.0691933 0.0333035 0.0000000 0.0760763 0.3211758 0.3036682 0.2813983 0.2923330 0.3059867 0.4455760 0.0527771 0.1110706 0.0446938 0.0375413 0.0530293 
Imantodes_cenchoa_QCAZ4207           0.0813059 0.0399392 0.0514981 0.1710487 0.1754162 0.2847103 0.2830701 0.2102122 0.2147050 0.0681070 0.0331845 0.0529002 0.0337788 0.1739862 0.2751741 0.2772579 0.3145693 0.0173531 0.0183332 0.0322212 0.0760763 0.0000000 0.1607326 0.1887149 0.1876284 0.2159453 0.2124087 0.1988584 0.0632569 0.0992719 0.0388639 0.0431325 0.0557006 
Imantodes_cenchoa_QCAZ6300           0.1134342 0.1394567 0.1208614 0.1675252 0.1704452 0.2663558 0.2625837 0.1290032 0.1339362 0.1453586 0.1349333 0.1558099 0.1280489 0.1850596 0.2762614 0.2595761 0.2984290 0.1312957 0.1310028 0.1543013 0.3211758 0.1607326 0.0000000 0.0305102 0.1238604 0.1281444 0.1264092 0.0511875 0.1625738 0.1383639 0.1308275 0.1696040 0.1680784 
Imantodes_chocoensis_QCAZ7978        0.1515023 0.1804266 0.1783315 0.1571558 0.1597268 0.2578537 0.2701428 0.1176643 0.1236000 0.1815334 0.1826675 0.1938523 0.1714855 0.2044271 0.2826190 0.2640107 0.2843596 0.1991819 0.1974346 0.1875654 0.3036682 0.1887149 0.0305102 0.0000000 0.0712570 0.1107759 0.1042333 0.0379892 0.1089751 0.1561103 0.1741854 0.2046221 0.2175425 
Imantodes_chocoensis_QCAZ7984        0.1259274 0.1426147 0.1511637 0.1989366 0.2017579 0.2693928 0.2802915 0.0362845 0.0413705 0.1855646 0.1759764 0.1904012 0.1694954 0.1938655 0.2949146 0.2817154 0.2921167 0.1963772 0.1962190 0.1972675 0.2813983 0.1876284 0.1238604 0.0712570 0.0000000 0.0195069 0.0324947 0.0965691 0.0890186 0.1598710 0.1740605 0.1996982 0.2004509 
Imantodes_lentiferus_QCAZ8377        0.1647415 0.1751756 0.1738198 0.2059634 0.2090213 0.3002300 0.3112896 0.0083058 0.0151982 0.2187514 0.2010215 0.2201514 0.2035946 0.2020541 0.3342129 0.3133655 0.3255746 0.2059846 0.2093300 0.2402784 0.2923330 0.2159453 0.1281444 0.1107759 0.0195069 0.0000000 0.0111812 0.0533089 0.1402897 0.1961201 0.2018943 0.2317223 0.2191751 
Imantodes_lentiferus_QCAZ8488        0.1750498 0.1901745 0.1823474 0.2015498 0.2046147 0.3140656 0.3223491 0.0108243 0.0136345 0.2110815 0.1986156 0.2197670 0.1909506 0.2128086 0.3344942 0.3274427 0.3184576 0.2044673 0.2090395 0.2276775 0.3059867 0.2124087 0.1264092 0.1042333 0.0324947 0.0111812 0.0000000 0.0444970 0.1399486 0.1956206 0.2028582 0.2335688 0.2380246 
Imantodes_lentiferus_QCAZ9187        0.1556701 0.1860202 0.2002853 0.1545412 0.1579145 0.2759744 0.2860693 0.0424691 0.0486129 0.1883746 0.2012004 0.2144914 0.2027532 0.2034923 0.2654748 0.2842213 0.2715814 0.1824044 0.1783031 0.2111915 0.4455760 0.1988584 0.0511875 0.0379892 0.0965691 0.0533089 0.0444970 0.0000000 0.1353155 0.1693308 0.1859082 0.2155411 0.2383523 
Imantodes_chocoensis_UTAR60205       0.0721738 0.0605248 0.0469164 0.1465271 0.1505283 0.2194833 0.2267063 0.1292435 0.1338176 0.0762960 0.0612364 0.0642411 0.0722004 0.1690921 0.2083016 0.2251679 0.2534225 0.0635193 0.0650397 0.0657332 0.0527771 0.0632569 0.1625738 0.1089751 0.0890186 0.1402897 0.1399486 0.1353155 0.0000000 0.0766803 0.0516587 0.0628563 0.0722263 
Imantodes_cenchoa_CHFCB0201          0.0264721 0.0721413 0.0767910 0.1671191 0.1696585 0.2479347 0.2487065 0.1602524 0.1694592 0.0816773 0.1007143 0.0911485 0.0847123 0.1695717 0.2833386 0.2543132 0.2989675 0.0948196 0.0953361 0.0735438 0.1110706 0.0992719 0.1383639 0.1561103 0.1598710 0.1961201 0.1956206 0.1693308 0.0766803 0.0000000 0.0696502 0.0751920 0.0980308 
Imantodes_cenchoa_IBSP89901          0.0553091 0.0305140 0.0306445 0.1495926 0.1534957 0.2361299 0.2261288 0.1839828 0.1883529 0.0620405 0.0344605 0.0387729 0.0334074 0.1577237 0.2574527 0.2416734 0.3009693 0.0421730 0.0434527 0.0221937 0.0446938 0.0388639 0.1308275 0.1741854 0.1740605 0.2018943 0.2028582 0.1859082 0.0516587 0.0696502 0.0000000 0.0324625 0.0310330 
Imantodes_cenchoa_IBSP90389          0.0631686 0.0255356 0.0396550 0.1684418 0.1709670 0.2575609 0.2518282 0.2073958 0.2074719 0.0608105 0.0398450 0.0362240 0.0409574 0.1500099 0.2588859 0.2620109 0.3084237 0.0476365 0.0501855 0.0036002 0.0375413 0.0431325 0.1696040 0.2046221 0.1996982 0.2317223 0.2335688 0.2155411 0.0628563 0.0751920 0.0324625 0.0000000 0.0459485 
Imantodes_cenchoa_IBSP90474          0.0829578 0.0516936 0.0555911 0.1797266 0.1839016 0.2673021 0.2577899 0.2193489 0.2235302 0.0788776 0.0464025 0.0610515 0.0449031 0.1957945 0.3004080 0.2711944 0.3215636 0.0608861 0.0606341 0.0401285 0.0530293 0.0557006 0.1680784 0.2175425 0.2004509 0.2191751 0.2380246 0.2383523 0.0722263 0.0980308 0.0310330 0.0459485 0.0000000 
